1 47407.40
1 9269.600
1 61827.30
1 5580.300
1 1061.300
1 138704.4
1 114811.9
1 135077.0
1 7579.900
1 21082.50
1 92295.40
1 120.0000
1 7851.400
1 69438.70
1 117.6000
1 1195.500
1 0.0000
1 4674.800
1 159.2000
1 18555.10
1 52268.50
1 282829.6
1 41105.60
1 16756.60
1 230.8000
1 0.0000
1 0.0000
1 77.7000
1 222548.4
1 0.0000
1 19753.80
1 0.0000
1 143004.8
1 40390.50
1 31252.40
1 758.3000
1 0.0000
1 54382.60
1 0.0000
1 339184.7
1 159931.4
1 24309.00
1 0.0000
1 12400.60
1 81226.80
1 38880.60
1 31147.80
1 23159.30
1 5530.000
1 33279.60
1 40.0000
1 321258.1
1 362634.2
1 12457.80
1 3607.800
1 0.0000
1 107.3000
1 56743.70
1 0.0000
1 64087.20
1 4317.800
1 2849.200
1 153024.0
1 15171.10
1 576.2000
1 216262.9
1 28425.70
1 22806.50
1 128110.7
1 265229.3
1 8361.600
1 249010.4
1 85965.40
1 152657.2
1 155.4000
1 195.5000
1 24627.00
1 63793.10
1 57090.90
1 180484.5
1 70731.80
1 53685.60
1 271427.4
1 0.0000
1 0.0000
1 46242.30
1 93321.00
1 250.0000
1 1316.500
1 18560.70
1 199.0000
1 0.0000
1 62395.60
1 49315.80
1 254791.3
1 23327.80
1 97899.80
1 7430.500
1 294814.0
1 37500.10
1 7682.100
1 257.6000
1 113658.1
1 2941.700
1 0.0000
1 5773.600
1 7138.800
1 4909.900
1 91331.40
1 5853.500
1 11205.90
1 338828.7
1 49719.40
1 17506.00
1 0.0000
1 4238.400
1 14536.20
1 713.5000
1 50607.20
1 47748.40
1 34584.10
1 0.0000
1 7306.400
1 38867.00
1 3796.200
1 51059.70
1 51792.50
1 0.0000
1 25063.10
1 21948.40
1 19525.00
1 0.0000
1 398953.4
1 0.0000
1 571.1000
1 17342.20
1 19660.20
1 212373.1
1 61059.30
1 60240.50
1 30331.70
1 21605.40
1 84031.80
1 0.0000
1 1942.500
1 81438.20
1 0.0000
1 69790.30
1 53279.10
1 0.0000
1 4702.300
1 37733.40
1 8016.800
1 39745.40
1 119366.0
1 5516.800
1 399952.1
1 2117.300
1 11376.40
1 0.0000
1 2493.900
1 34643.00
1 0.0000
1 582.2000
1 23655.50
1 40900.60
1 85913.80
1 0.0000
1 0.0000
1 4508.900
1 0.0000
1 3138.000
1 74510.80
1 26961.10
1 1477.600
1 0.0000
1 399952.1
1 84723.60
1 70129.60
1 73002.60
1 25015.50
1 0.0000
1 75436.80
1 96669.20
1 0.0000
1 0.0000
1 116617.0
1 9133.900
1 105942.3
1 25555.30
1 36545.00
1 57142.30
1 288456.6
1 0.0000
1 0.0000
1 4309.600
1 7205.100
1 9514.300
1 10236.90
1 78.4000
1 27761.30
1 175299.3
1 6083.300
1 186.6000
1 23262.50
1 8572.400
1 15589.50
1 13080.10
1 92734.90
1 5122.500
1 255314.1
1 6620.500
1 65630.80
1 0.0000
1 23023.00
1 0.0000
1 3866.700
1 40599.10
1 75368.90
1 0.0000
1 2179.900
1 19507.40
1 16302.10
1 320.0000
1 9781.500
1 79086.70
1 302625.1
1 47553.00
1 63911.20
1 1.0000
1 0.0000
1 237.6000
1 117.6000
1 0.0000
1 0.0000
1 0.0000
1 17151.70
1 345518.0
1 0.0000
1 0.0000
1 1110.100
1 0.0000
1 0.0000
1 0.0000
1 13473.80
1 80081.50
1 0.0000
1 0.0000
1 9295.600
1 0.0000
1 0.0000
1 2109.500
1 7921.200
1 1148.400
1 0.0000
1 58384.20
1 0.0000
1 58238.40
1 14160.30
1 8970.500
1 0.0000
1 80571.50
1 58401.70
1 0.0000
0 5551.400
0 0.0000
0 0.0000
0 399.7000
0 0.0000
0 4847.400
0 21664.90
0 1054.300
0 0.0000
0 25781.20
0 0.0000
0 0.0000
0 17247.10
0 0.0000
0 0.0000
0 6376.000
0 15194.70
0 0.0000
0 0.0000
0 40.0000
0 0.0000
0 39.2000
0 8646.000
0 0.0000
0 0.0000
0 0.0000
0 0.0000
0 0.0000
0 0.0000
0 0.0000
0 153.9000
0 0.0000
0 0.0000
0 16596.50
0 158.4000
0 191.4000
0 67.4000
0 4437.500
0 320.0000
0 0.0000
0 320.0000
0 440.0000
0 4098.600
0 199.0000
0 0.0000
0 0.0000
0 0.0000
0 229.7000
0 265.4000
0 7220.300
0 5312.400
0 10432.20
0 0.0000
0 0.0000
0 0.0000
0 0.0000
0 1333.300
0 7683.300
0 80.0000
0 0.0000
0 618.4000
0 8720.200
0 0.0000
0 0.0000
0 0.0000
0 0.0000
0 0.0000
0 334.4000
0 78.4000
0 0.0000
0 10199.10
0 0.0000
0 118.8000
0 95.8000
0 138676.6
0 0.0000
0 0.0000
0 0.0000
0 0.0000
0 0.0000
0 0.0000
0 0.0000
0 1416.700
0 402.6000
0 20049.30
0 0.0000
0 116.3000
0 0.0000
0 0.0000
0 0.0000
0 5120.200
0 1508.000
0 20363.50
0 40.0000
0 19868.70
0 0.0000
0 0.0000
0 0.0000
0 11030.30
0 2806.500
0 282.2000
0 709.4000
0 0.0000
0 16494.80
0 240.0000
0 0.0000
0 403.7000
0 25260.60
0 6377.300
0 4560.600
0 551.7000
0 20316.70
0 2167.400
0 464.1000
0 14887.80
0 0.0000
0 218.1000
0 0.0000
0 330.3000
0 4230.600
0 564.3000
0 8765.200
0 0.0000
0 6476.300
0 1882.000
0 6648.900
0 0.0000
0 12898.90
0 1135.100
0 0.0000
0 0.0000
0 0.0000
0 9309.600
0 14311.20
0 10377.00
0 0.0000
0 0.0000
0 447.1000
0 15004.40
0 619.2000
0 14198.60
0 0.0000
0 0.0000
0 4153.900